PassengerId,Pclass,Sex,Age,Sex_female,Sex_male
1,3,male,22.0,0,1
2,1,female,38.0,1,0
3,3,female,26.0,1,0
4,1,female,35.0,1,0
5,3,male,35.0,0,1
6,3,male,29.7,0,1
7,1,male,54.0,0,1
8,3,male,2.0,0,1
9,3,female,27.0,1,0
10,2,female,14.0,1,0
11,3,female,4.0,1,0
12,1,female,58.0,1,0
13,3,male,20.0,0,1
14,3,male,39.0,0,1
15,3,female,14.0,1,0
16,2,female,55.0,1,0
17,3,male,2.0,0,1
18,2,male,29.7,0,1
19,3,female,31.0,1,0
20,3,female,29.7,1,0
21,2,male,35.0,0,1
22,2,male,34.0,0,1
23,3,female,15.0,1,0
24,1,male,28.0,0,1
25,3,female,8.0,1,0
26,3,female,38.0,1,0
27,3,male,29.7,0,1
28,1,male,19.0,0,1
29,3,female,29.7,1,0
30,3,male,29.7,0,1
31,1,male,40.0,0,1
32,1,female,29.7,1,0
33,3,female,29.7,1,0
34,2,male,66.0,0,1
35,1,male,28.0,0,1
36,1,male,42.0,0,1
37,3,male,29.7,0,1
38,3,male,21.0,0,1
39,3,female,18.0,1,0
40,3,female,14.0,1,0
41,3,female,40.0,1,0
42,2,female,27.0,1,0
43,3,male,29.7,0,1
44,2,female,3.0,1,0
45,3,female,19.0,1,0
46,3,male,29.7,0,1
47,3,male,29.7,0,1
48,3,female,29.7,1,0
49,3,male,29.7,0,1
50,3,female,18.0,1,0
51,3,male,7.0,0,1
52,3,male,21.0,0,1
53,1,female,49.0,1,0
54,2,female,29.0,1,0
55,1,male,65.0,0,1
56,1,male,29.7,0,1
57,2,female,21.0,1,0
58,3,male,28.5,0,1
59,2,female,5.0,1,0
60,3,male,11.0,0,1
61,3,male,22.0,0,1
62,1,female,38.0,1,0
63,1,male,45.0,0,1
64,3,male,4.0,0,1
65,1,male,29.7,0,1
66,3,male,29.7,0,1
67,2,female,29.0,1,0
68,3,male,19.0,0,1
69,3,female,17.0,1,0
70,3,male,26.0,0,1
71,2,male,32.0,0,1
72,3,female,16.0,1,0
73,2,male,21.0,0,1
74,3,male,26.0,0,1
75,3,male,32.0,0,1
76,3,male,25.0,0,1
77,3,male,29.7,0,1
78,3,male,29.7,0,1
79,2,male,0.83,0,1
80,3,female,30.0,1,0
81,3,male,22.0,0,1
82,3,male,29.0,0,1
83,3,female,29.7,1,0
84,1,male,28.0,0,1
85,2,female,17.0,1,0
86,3,female,33.0,1,0
87,3,male,16.0,0,1
88,3,male,29.7,0,1
89,1,female,23.0,1,0
90,3,male,24.0,0,1
91,3,male,29.0,0,1
92,3,male,20.0,0,1
93,1,male,46.0,0,1
94,3,male,26.0,0,1
95,3,male,59.0,0,1
96,3,male,29.7,0,1
97,1,male,71.0,0,1
98,1,male,23.0,0,1
99,2,female,34.0,1,0
100,2,male,34.0,0,1
101,3,female,28.0,1,0
102,3,male,29.7,0,1
103,1,male,21.0,0,1
104,3,male,33.0,0,1
105,3,male,37.0,0,1
106,3,male,28.0,0,1
107,3,female,21.0,1,0
108,3,male,29.7,0,1
109,3,male,38.0,0,1
110,3,female,29.7,1,0
111,1,male,47.0,0,1
112,3,female,14.5,1,0
113,3,male,22.0,0,1
114,3,female,20.0,1,0
115,3,female,17.0,1,0
116,3,male,21.0,0,1
117,3,male,70.5,0,1
118,2,male,29.0,0,1
119,1,male,24.0,0,1
120,3,female,2.0,1,0
121,2,male,21.0,0,1
122,3,male,29.7,0,1
123,2,male,32.5,0,1
124,2,female,32.5,1,0
125,1,male,54.0,0,1
126,3,male,12.0,0,1
127,3,male,29.7,0,1
128,3,male,24.0,0,1
129,3,female,29.7,1,0
130,3,male,45.0,0,1
131,3,male,33.0,0,1
132,3,male,20.0,0,1
133,3,female,47.0,1,0
134,2,female,29.0,1,0
135,2,male,25.0,0,1
136,2,male,23.0,0,1
137,1,female,19.0,1,0
138,1,male,37.0,0,1
139,3,male,16.0,0,1
140,1,male,24.0,0,1
141,3,female,29.7,1,0
142,3,female,22.0,1,0
143,3,female,24.0,1,0
144,3,male,19.0,0,1
145,2,male,18.0,0,1
146,2,male,19.0,0,1
147,3,male,27.0,0,1
148,3,female,9.0,1,0
149,2,male,36.5,0,1
150,2,male,42.0,0,1
151,2,male,51.0,0,1
152,1,female,22.0,1,0
153,3,male,55.5,0,1
154,3,male,40.5,0,1
155,3,male,29.7,0,1
156,1,male,51.0,0,1
157,3,female,16.0,1,0
158,3,male,30.0,0,1
159,3,male,29.7,0,1
160,3,male,29.7,0,1
161,3,male,44.0,0,1
162,2,female,40.0,1,0
163,3,male,26.0,0,1
164,3,male,17.0,0,1
165,3,male,1.0,0,1
166,3,male,9.0,0,1
167,1,female,29.7,1,0
168,3,female,45.0,1,0
169,1,male,29.7,0,1
170,3,male,28.0,0,1
171,1,male,61.0,0,1
172,3,male,4.0,0,1
173,3,female,1.0,1,0
174,3,male,21.0,0,1
175,1,male,56.0,0,1
176,3,male,18.0,0,1
177,3,male,29.7,0,1
178,1,female,50.0,1,0
179,2,male,30.0,0,1
180,3,male,36.0,0,1
181,3,female,29.7,1,0
182,2,male,29.7,0,1
183,3,male,9.0,0,1
184,2,male,1.0,0,1
185,3,female,4.0,1,0
186,1,male,29.7,0,1
187,3,female,29.7,1,0
188,1,male,45.0,0,1
189,3,male,40.0,0,1
190,3,male,36.0,0,1
191,2,female,32.0,1,0
192,2,male,19.0,0,1
193,3,female,19.0,1,0
194,2,male,3.0,0,1
195,1,female,44.0,1,0
196,1,female,58.0,1,0
197,3,male,29.7,0,1
198,3,male,42.0,0,1
199,3,female,29.7,1,0
200,2,female,24.0,1,0
201,3,male,28.0,0,1
202,3,male,29.7,0,1
203,3,male,34.0,0,1
204,3,male,45.5,0,1
205,3,male,18.0,0,1
206,3,female,2.0,1,0
207,3,male,32.0,0,1
208,3,male,26.0,0,1
209,3,female,16.0,1,0
210,1,male,40.0,0,1
211,3,male,24.0,0,1
212,2,female,35.0,1,0
213,3,male,22.0,0,1
214,2,male,30.0,0,1
215,3,male,29.7,0,1
216,1,female,31.0,1,0
217,3,female,27.0,1,0
218,2,male,42.0,0,1
219,1,female,32.0,1,0
220,2,male,30.0,0,1
221,3,male,16.0,0,1
222,2,male,27.0,0,1
223,3,male,51.0,0,1
224,3,male,29.7,0,1
225,1,male,38.0,0,1
226,3,male,22.0,0,1
227,2,male,19.0,0,1
228,3,male,20.5,0,1
229,2,male,18.0,0,1
230,3,female,29.7,1,0
231,1,female,35.0,1,0
232,3,male,29.0,0,1
233,2,male,59.0,0,1
234,3,female,5.0,1,0
235,2,male,24.0,0,1
236,3,female,29.7,1,0
237,2,male,44.0,0,1
238,2,female,8.0,1,0
239,2,male,19.0,0,1
240,2,male,33.0,0,1
241,3,female,29.7,1,0
242,3,female,29.7,1,0
243,2,male,29.0,0,1
244,3,male,22.0,0,1
245,3,male,30.0,0,1
246,1,male,44.0,0,1
247,3,female,25.0,1,0
248,2,female,24.0,1,0
249,1,male,37.0,0,1
250,2,male,54.0,0,1
251,3,male,29.7,0,1
252,3,female,29.0,1,0
253,1,male,62.0,0,1
254,3,male,30.0,0,1
255,3,female,41.0,1,0
256,3,female,29.0,1,0
257,1,female,29.7,1,0
258,1,female,30.0,1,0
259,1,female,35.0,1,0
260,2,female,50.0,1,0
261,3,male,29.7,0,1
262,3,male,3.0,0,1
263,1,male,52.0,0,1
264,1,male,40.0,0,1
265,3,female,29.7,1,0
266,2,male,36.0,0,1
267,3,male,16.0,0,1
268,3,male,25.0,0,1
269,1,female,58.0,1,0
270,1,female,35.0,1,0
271,1,male,29.7,0,1
272,3,male,25.0,0,1
273,2,female,41.0,1,0
274,1,male,37.0,0,1
275,3,female,29.7,1,0
276,1,female,63.0,1,0
277,3,female,45.0,1,0
278,2,male,29.7,0,1
279,3,male,7.0,0,1
280,3,female,35.0,1,0
281,3,male,65.0,0,1
282,3,male,28.0,0,1
283,3,male,16.0,0,1
284,3,male,19.0,0,1
285,1,male,29.7,0,1
286,3,male,33.0,0,1
287,3,male,30.0,0,1
288,3,male,22.0,0,1
289,2,male,42.0,0,1
290,3,female,22.0,1,0
291,1,female,26.0,1,0
292,1,female,19.0,1,0
293,2,male,36.0,0,1
294,3,female,24.0,1,0
295,3,male,24.0,0,1
296,1,male,29.7,0,1
297,3,male,23.5,0,1
298,1,female,2.0,1,0
299,1,male,29.7,0,1
300,1,female,50.0,1,0
301,3,female,29.7,1,0
302,3,male,29.7,0,1
303,3,male,19.0,0,1
304,2,female,29.7,1,0
305,3,male,29.7,0,1
306,1,male,0.92,0,1
307,1,female,29.7,1,0
308,1,female,17.0,1,0
309,2,male,30.0,0,1
310,1,female,30.0,1,0
311,1,female,24.0,1,0
312,1,female,18.0,1,0
313,2,female,26.0,1,0
314,3,male,28.0,0,1
315,2,male,43.0,0,1
316,3,female,26.0,1,0
317,2,female,24.0,1,0
318,2,male,54.0,0,1
319,1,female,31.0,1,0
320,1,female,40.0,1,0
321,3,male,22.0,0,1
322,3,male,27.0,0,1
323,2,female,30.0,1,0
324,2,female,22.0,1,0
325,3,male,29.7,0,1
326,1,female,36.0,1,0
327,3,male,61.0,0,1
328,2,female,36.0,1,0
329,3,female,31.0,1,0
330,1,female,16.0,1,0
331,3,female,29.7,1,0
332,1,male,45.5,0,1
333,1,male,38.0,0,1
334,3,male,16.0,0,1
335,1,female,29.7,1,0
336,3,male,29.7,0,1
337,1,male,29.0,0,1
338,1,female,41.0,1,0
339,3,male,45.0,0,1
340,1,male,45.0,0,1
341,2,male,2.0,0,1
342,1,female,24.0,1,0
343,2,male,28.0,0,1
344,2,male,25.0,0,1
345,2,male,36.0,0,1
346,2,female,24.0,1,0
347,2,female,40.0,1,0
348,3,female,29.7,1,0
349,3,male,3.0,0,1
350,3,male,42.0,0,1
351,3,male,23.0,0,1
352,1,male,29.7,0,1
353,3,male,15.0,0,1
354,3,male,25.0,0,1
355,3,male,29.7,0,1
356,3,male,28.0,0,1
357,1,female,22.0,1,0
358,2,female,38.0,1,0
359,3,female,29.7,1,0
360,3,female,29.7,1,0
361,3,male,40.0,0,1
362,2,male,29.0,0,1
363,3,female,45.0,1,0
364,3,male,35.0,0,1
365,3,male,29.7,0,1
366,3,male,30.0,0,1
367,1,female,60.0,1,0
368,3,female,29.7,1,0
369,3,female,29.7,1,0
370,1,female,24.0,1,0
371,1,male,25.0,0,1
372,3,male,18.0,0,1
373,3,male,19.0,0,1
374,1,male,22.0,0,1
375,3,female,3.0,1,0
376,1,female,29.7,1,0
377,3,female,22.0,1,0
378,1,male,27.0,0,1
379,3,male,20.0,0,1
380,3,male,19.0,0,1
381,1,female,42.0,1,0
382,3,female,1.0,1,0
383,3,male,32.0,0,1
384,1,female,35.0,1,0
385,3,male,29.7,0,1
386,2,male,18.0,0,1
387,3,male,1.0,0,1
388,2,female,36.0,1,0
389,3,male,29.7,0,1
390,2,female,17.0,1,0
391,1,male,36.0,0,1
392,3,male,21.0,0,1
393,3,male,28.0,0,1
394,1,female,23.0,1,0
395,3,female,24.0,1,0
396,3,male,22.0,0,1
397,3,female,31.0,1,0
398,2,male,46.0,0,1
399,2,male,23.0,0,1
400,2,female,28.0,1,0
401,3,male,39.0,0,1
402,3,male,26.0,0,1
403,3,female,21.0,1,0
404,3,male,28.0,0,1
405,3,female,20.0,1,0
406,2,male,34.0,0,1
407,3,male,51.0,0,1
408,2,male,3.0,0,1
409,3,male,21.0,0,1
410,3,female,29.7,1,0
411,3,male,29.7,0,1
412,3,male,29.7,0,1
413,1,female,33.0,1,0
414,2,male,29.7,0,1
415,3,male,44.0,0,1
416,3,female,29.7,1,0
417,2,female,34.0,1,0
418,2,female,18.0,1,0
419,2,male,30.0,0,1
420,3,female,10.0,1,0
421,3,male,29.7,0,1
422,3,male,21.0,0,1
423,3,male,29.0,0,1
424,3,female,28.0,1,0
425,3,male,18.0,0,1
426,3,male,29.7,0,1
427,2,female,28.0,1,0
428,2,female,19.0,1,0
429,3,male,29.7,0,1
430,3,male,32.0,0,1
431,1,male,28.0,0,1
432,3,female,29.7,1,0
433,2,female,42.0,1,0
434,3,male,17.0,0,1
435,1,male,50.0,0,1
436,1,female,14.0,1,0
437,3,female,21.0,1,0
438,2,female,24.0,1,0
439,1,male,64.0,0,1
440,2,male,31.0,0,1
441,2,female,45.0,1,0
442,3,male,20.0,0,1
443,3,male,25.0,0,1
444,2,female,28.0,1,0
445,3,male,29.7,0,1
446,1,male,4.0,0,1
447,2,female,13.0,1,0
448,1,male,34.0,0,1
449,3,female,5.0,1,0
450,1,male,52.0,0,1
451,2,male,36.0,0,1
452,3,male,29.7,0,1
453,1,male,30.0,0,1
454,1,male,49.0,0,1
455,3,male,29.7,0,1
456,3,male,29.0,0,1
457,1,male,65.0,0,1
458,1,female,29.7,1,0
459,2,female,50.0,1,0
460,3,male,29.7,0,1
461,1,male,48.0,0,1
462,3,male,34.0,0,1
463,1,male,47.0,0,1
464,2,male,48.0,0,1
465,3,male,29.7,0,1
466,3,male,38.0,0,1
467,2,male,29.7,0,1
468,1,male,56.0,0,1
469,3,male,29.7,0,1
470,3,female,0.75,1,0
471,3,male,29.7,0,1
472,3,male,38.0,0,1
473,2,female,33.0,1,0
474,2,female,23.0,1,0
475,3,female,22.0,1,0
476,1,male,29.7,0,1
477,2,male,34.0,0,1
478,3,male,29.0,0,1
479,3,male,22.0,0,1
480,3,female,2.0,1,0
481,3,male,9.0,0,1
482,2,male,29.7,0,1
483,3,male,50.0,0,1
484,3,female,63.0,1,0
485,1,male,25.0,0,1
486,3,female,29.7,1,0
487,1,female,35.0,1,0
488,1,male,58.0,0,1
489,3,male,30.0,0,1
490,3,male,9.0,0,1
491,3,male,29.7,0,1
492,3,male,21.0,0,1
493,1,male,55.0,0,1
494,1,male,71.0,0,1
495,3,male,21.0,0,1
496,3,male,29.7,0,1
497,1,female,54.0,1,0
498,3,male,29.7,0,1
499,1,female,25.0,1,0
500,3,male,24.0,0,1
501,3,male,17.0,0,1
502,3,female,21.0,1,0
503,3,female,29.7,1,0
504,3,female,37.0,1,0
505,1,female,16.0,1,0
506,1,male,18.0,0,1
507,2,female,33.0,1,0
508,1,male,29.7,0,1
509,3,male,28.0,0,1
510,3,male,26.0,0,1
511,3,male,29.0,0,1
512,3,male,29.7,0,1
513,1,male,36.0,0,1
514,1,female,54.0,1,0
515,3,male,24.0,0,1
516,1,male,47.0,0,1
517,2,female,34.0,1,0
518,3,male,29.7,0,1
519,2,female,36.0,1,0
520,3,male,32.0,0,1
521,1,female,30.0,1,0
522,3,male,22.0,0,1
523,3,male,29.7,0,1
524,1,female,44.0,1,0
525,3,male,29.7,0,1
526,3,male,40.5,0,1
527,2,female,50.0,1,0
528,1,male,29.7,0,1
529,3,male,39.0,0,1
530,2,male,23.0,0,1
531,2,female,2.0,1,0
532,3,male,29.7,0,1
533,3,male,17.0,0,1
534,3,female,29.7,1,0
535,3,female,30.0,1,0
536,2,female,7.0,1,0
537,1,male,45.0,0,1
538,1,female,30.0,1,0
539,3,male,29.7,0,1
540,1,female,22.0,1,0
541,1,female,36.0,1,0
542,3,female,9.0,1,0
543,3,female,11.0,1,0
544,2,male,32.0,0,1
545,1,male,50.0,0,1
546,1,male,64.0,0,1
547,2,female,19.0,1,0
548,2,male,29.7,0,1
549,3,male,33.0,0,1
550,2,male,8.0,0,1
551,1,male,17.0,0,1
552,2,male,27.0,0,1
553,3,male,29.7,0,1
554,3,male,22.0,0,1
555,3,female,22.0,1,0
556,1,male,62.0,0,1
557,1,female,48.0,1,0
558,1,male,29.7,0,1
559,1,female,39.0,1,0
560,3,female,36.0,1,0
561,3,male,29.7,0,1
562,3,male,40.0,0,1
563,2,male,28.0,0,1
564,3,male,29.7,0,1
565,3,female,29.7,1,0
566,3,male,24.0,0,1
567,3,male,19.0,0,1
568,3,female,29.0,1,0
569,3,male,29.7,0,1
570,3,male,32.0,0,1
571,2,male,62.0,0,1
572,1,female,53.0,1,0
573,1,male,36.0,0,1
574,3,female,29.7,1,0
575,3,male,16.0,0,1
576,3,male,19.0,0,1
577,2,female,34.0,1,0
578,1,female,39.0,1,0
579,3,female,29.7,1,0
580,3,male,32.0,0,1
581,2,female,25.0,1,0
582,1,female,39.0,1,0
583,2,male,54.0,0,1
584,1,male,36.0,0,1
585,3,male,29.7,0,1
586,1,female,18.0,1,0
587,2,male,47.0,0,1
588,1,male,60.0,0,1
589,3,male,22.0,0,1
590,3,male,29.7,0,1
591,3,male,35.0,0,1
592,1,female,52.0,1,0
593,3,male,47.0,0,1
594,3,female,29.7,1,0
595,2,male,37.0,0,1
596,3,male,36.0,0,1
597,2,female,29.7,1,0
598,3,male,49.0,0,1
599,3,male,29.7,0,1
600,1,male,49.0,0,1
601,2,female,24.0,1,0
602,3,male,29.7,0,1
603,1,male,29.7,0,1
604,3,male,44.0,0,1
605,1,male,35.0,0,1
606,3,male,36.0,0,1
607,3,male,30.0,0,1
608,1,male,27.0,0,1
609,2,female,22.0,1,0
610,1,female,40.0,1,0
611,3,female,39.0,1,0
612,3,male,29.7,0,1
613,3,female,29.7,1,0
614,3,male,29.7,0,1
615,3,male,35.0,0,1
616,2,female,24.0,1,0
617,3,male,34.0,0,1
618,3,female,26.0,1,0
619,2,female,4.0,1,0
620,2,male,26.0,0,1
621,3,male,27.0,0,1
622,1,male,42.0,0,1
623,3,male,20.0,0,1
624,3,male,21.0,0,1
625,3,male,21.0,0,1
626,1,male,61.0,0,1
627,2,male,57.0,0,1
628,1,female,21.0,1,0
629,3,male,26.0,0,1
630,3,male,29.7,0,1
631,1,male,80.0,0,1
632,3,male,51.0,0,1
633,1,male,32.0,0,1
634,1,male,29.7,0,1
635,3,female,9.0,1,0
636,2,female,28.0,1,0
637,3,male,32.0,0,1
638,2,male,31.0,0,1
639,3,female,41.0,1,0
640,3,male,29.7,0,1
641,3,male,20.0,0,1
642,1,female,24.0,1,0
643,3,female,2.0,1,0
644,3,male,29.7,0,1
645,3,female,0.75,1,0
646,1,male,48.0,0,1
647,3,male,19.0,0,1
648,1,male,56.0,0,1
649,3,male,29.7,0,1
650,3,female,23.0,1,0
651,3,male,29.7,0,1
652,2,female,18.0,1,0
653,3,male,21.0,0,1
654,3,female,29.7,1,0
655,3,female,18.0,1,0
656,2,male,24.0,0,1
657,3,male,29.7,0,1
658,3,female,32.0,1,0
659,2,male,23.0,0,1
660,1,male,58.0,0,1
661,1,male,50.0,0,1
662,3,male,40.0,0,1
663,1,male,47.0,0,1
664,3,male,36.0,0,1
665,3,male,20.0,0,1
666,2,male,32.0,0,1
667,2,male,25.0,0,1
668,3,male,29.7,0,1
669,3,male,43.0,0,1
670,1,female,29.7,1,0
671,2,female,40.0,1,0
672,1,male,31.0,0,1
673,2,male,70.0,0,1
674,2,male,31.0,0,1
675,2,male,29.7,0,1
676,3,male,18.0,0,1
677,3,male,24.5,0,1
678,3,female,18.0,1,0
679,3,female,43.0,1,0
680,1,male,36.0,0,1
681,3,female,29.7,1,0
682,1,male,27.0,0,1
683,3,male,20.0,0,1
684,3,male,14.0,0,1
685,2,male,60.0,0,1
686,2,male,25.0,0,1
687,3,male,14.0,0,1
688,3,male,19.0,0,1
689,3,male,18.0,0,1
690,1,female,15.0,1,0
691,1,male,31.0,0,1
692,3,female,4.0,1,0
693,3,male,29.7,0,1
694,3,male,25.0,0,1
695,1,male,60.0,0,1
696,2,male,52.0,0,1
697,3,male,44.0,0,1
698,3,female,29.7,1,0
699,1,male,49.0,0,1
700,3,male,42.0,0,1
701,1,female,18.0,1,0
702,1,male,35.0,0,1
703,3,female,18.0,1,0
704,3,male,25.0,0,1
705,3,male,26.0,0,1
706,2,male,39.0,0,1
707,2,female,45.0,1,0
708,1,male,42.0,0,1
709,1,female,22.0,1,0
710,3,male,29.7,0,1
711,1,female,24.0,1,0
712,1,male,29.7,0,1
713,1,male,48.0,0,1
714,3,male,29.0,0,1
715,2,male,52.0,0,1
716,3,male,19.0,0,1
717,1,female,38.0,1,0
718,2,female,27.0,1,0
719,3,male,29.7,0,1
720,3,male,33.0,0,1
721,2,female,6.0,1,0
722,3,male,17.0,0,1
723,2,male,34.0,0,1
724,2,male,50.0,0,1
725,1,male,27.0,0,1
726,3,male,20.0,0,1
727,2,female,30.0,1,0
728,3,female,29.7,1,0
729,2,male,25.0,0,1
730,3,female,25.0,1,0
731,1,female,29.0,1,0
732,3,male,11.0,0,1
733,2,male,29.7,0,1
734,2,male,23.0,0,1
735,2,male,23.0,0,1
736,3,male,28.5,0,1
737,3,female,48.0,1,0
738,1,male,35.0,0,1
739,3,male,29.7,0,1
740,3,male,29.7,0,1
741,1,male,29.7,0,1
742,1,male,36.0,0,1
743,1,female,21.0,1,0
744,3,male,24.0,0,1
745,3,male,31.0,0,1
746,1,male,70.0,0,1
747,3,male,16.0,0,1
748,2,female,30.0,1,0
749,1,male,19.0,0,1
750,3,male,31.0,0,1
751,2,female,4.0,1,0
752,3,male,6.0,0,1
753,3,male,33.0,0,1
754,3,male,23.0,0,1
755,2,female,48.0,1,0
756,2,male,0.67,0,1
757,3,male,28.0,0,1
758,2,male,18.0,0,1
759,3,male,34.0,0,1
760,1,female,33.0,1,0
761,3,male,29.7,0,1
762,3,male,41.0,0,1
763,3,male,20.0,0,1
764,1,female,36.0,1,0
765,3,male,16.0,0,1
766,1,female,51.0,1,0
767,1,male,29.7,0,1
768,3,female,30.5,1,0
769,3,male,29.7,0,1
770,3,male,32.0,0,1
771,3,male,24.0,0,1
772,3,male,48.0,0,1
773,2,female,57.0,1,0
774,3,male,29.7,0,1
775,2,female,54.0,1,0
776,3,male,18.0,0,1
777,3,male,29.7,0,1
778,3,female,5.0,1,0
779,3,male,29.7,0,1
780,1,female,43.0,1,0
781,3,female,13.0,1,0
782,1,female,17.0,1,0
783,1,male,29.0,0,1
784,3,male,29.7,0,1
785,3,male,25.0,0,1
786,3,male,25.0,0,1
787,3,female,18.0,1,0
788,3,male,8.0,0,1
789,3,male,1.0,0,1
790,1,male,46.0,0,1
791,3,male,29.7,0,1
792,2,male,16.0,0,1
793,3,female,29.7,1,0
794,1,male,29.7,0,1
795,3,male,25.0,0,1
796,2,male,39.0,0,1
797,1,female,49.0,1,0
798,3,female,31.0,1,0
799,3,male,30.0,0,1
800,3,female,30.0,1,0
801,2,male,34.0,0,1
802,2,female,31.0,1,0
803,1,male,11.0,0,1
804,3,male,0.42,0,1
805,3,male,27.0,0,1
806,3,male,31.0,0,1
807,1,male,39.0,0,1
808,3,female,18.0,1,0
809,2,male,39.0,0,1
810,1,female,33.0,1,0
811,3,male,26.0,0,1
812,3,male,39.0,0,1
813,2,male,35.0,0,1
814,3,female,6.0,1,0
815,3,male,30.5,0,1
816,1,male,29.7,0,1
817,3,female,23.0,1,0
818,2,male,31.0,0,1
819,3,male,43.0,0,1
820,3,male,10.0,0,1
821,1,female,52.0,1,0
822,3,male,27.0,0,1
823,1,male,38.0,0,1
824,3,female,27.0,1,0
825,3,male,2.0,0,1
826,3,male,29.7,0,1
827,3,male,29.7,0,1
828,2,male,1.0,0,1
829,3,male,29.7,0,1
830,1,female,62.0,1,0
831,3,female,15.0,1,0
832,2,male,0.83,0,1
833,3,male,29.7,0,1
834,3,male,23.0,0,1
835,3,male,18.0,0,1
836,1,female,39.0,1,0
837,3,male,21.0,0,1
838,3,male,29.7,0,1
839,3,male,32.0,0,1
840,1,male,29.7,0,1
841,3,male,20.0,0,1
842,2,male,16.0,0,1
843,1,female,30.0,1,0
844,3,male,34.5,0,1
845,3,male,17.0,0,1
846,3,male,42.0,0,1
847,3,male,29.7,0,1
848,3,male,35.0,0,1
849,2,male,28.0,0,1
850,1,female,29.7,1,0
851,3,male,4.0,0,1
852,3,male,74.0,0,1
853,3,female,9.0,1,0
854,1,female,16.0,1,0
855,2,female,44.0,1,0
856,3,female,18.0,1,0
857,1,female,45.0,1,0
858,1,male,51.0,0,1
859,3,female,24.0,1,0
860,3,male,29.7,0,1
861,3,male,41.0,0,1
862,2,male,21.0,0,1
863,1,female,48.0,1,0
864,3,female,29.7,1,0
865,2,male,24.0,0,1
866,2,female,42.0,1,0
867,2,female,27.0,1,0
868,1,male,31.0,0,1
869,3,male,29.7,0,1
870,3,male,4.0,0,1
871,3,male,26.0,0,1
872,1,female,47.0,1,0
873,1,male,33.0,0,1
874,3,male,47.0,0,1
875,2,female,28.0,1,0
876,3,female,15.0,1,0
877,3,male,20.0,0,1
878,3,male,19.0,0,1
879,3,male,29.7,0,1
880,1,female,56.0,1,0
881,2,female,25.0,1,0
882,3,male,33.0,0,1
883,3,female,22.0,1,0
884,2,male,28.0,0,1
885,3,male,25.0,0,1
886,3,female,39.0,1,0
887,2,male,27.0,0,1
888,1,female,19.0,1,0
889,3,female,29.7,1,0
890,1,male,26.0,0,1
891,3,male,32.0,0,1
